0.4
0.3571428571428571
0.6347222222222223
0.25
0.21517857142857144
0.09821428571428571
0.11666666666666665
0.03333333333333333
1.0
0.09375
0.08333333333333333
0.3333333333333333
0.0
0.5
1.0
0.16666666666666666
0.125
0.3333333333333333
0.0
0.43306878306878305
0.025
0.0
0.21714285714285717
0.25
0.6388888888888888
0.19444444444444442
0.0
0.0
0.4074074074074074
0.0
0.0
0.0925925925925926
0.6388888888888888
0.15317460317460319
0.0
0.5
0.027777777777777776
0.0
0.05357142857142857
0.05333333333333333
0.7666666666666666
0.14444444444444443
0.5666666666666667
0.0
0.1
0.3058333333333333
0.21507936507936506
0.16
0.16666666666666666
0.0
0.24285714285714283
0.26964285714285713
0.12857142857142856
0.05555555555555555
0.12333333333333334
0.04857142857142857
0.02
0.1962962962962963
0.03571428571428571
0.4533333333333333
0.4
0.0
0.0
0.5
0.2583333333333333
0.04
0.2838095238095238
0.06666666666666667
0.0
0.0125
0.0
0.025
0.25
0.020833333333333332
0.2
0.017857142857142856
0.3625
0.8055555555555555
0.025
0.0
0.3333333333333333
0.39999999999999997
0.027777777777777776
0.275
0.027777777777777776
0.5
0.0
0.594047619047619
0.027777777777777776
0.09
0.14814814814814814
0.524047619047619
0.5
0.4833333333333333
0.5
0.31666666666666665
0.08333333333333333
0.0
0.25833333333333336
0.18518518518518517
0.7708333333333334
0.35
0.0
0.0
0.3833333333333333
0.3466666666666666
0.17261904761904762
0.6722222222222222
0.0
0.25
0.08333333333333333
0.25
0.20833333333333331
0.0
0.0
0.06666666666666667
0.0
0.17857142857142858
1.0
0.34973544973544973
0.5595238095238095
0.20052910052910053
0.0
0.0
0.13999999999999999
0.1875
0.05
0.0
0.3880952380952381
0.419047619047619
0.17023809523809524
0.5607142857142857
0.02040816326530612
0.25
0.4375
0.16666666666666666
0.1625
0.1
0.0
0.13095238095238096
0.08333333333333333
0.0
0.41666666666666663
0.37222222222222223
0.3197278911564626
0.5833333333333333
0.11666666666666665
0.3277777777777778
0.26111111111111107
0.8333333333333333
0.0
0.0
0.2738095238095238
0.8333333333333333
0.22916666666666666
0.569047619047619
0.4375
0.28273809523809523
0.08333333333333333
0.1
0.40277777777777773
0.15625
0.38888888888888884
0.2
0.26666666666666666
0.0
0.05
0.0625
0.19642857142857142
0.4146825396825397
0.6388888888888888
0.6791666666666667
0.5833333333333333
0.06666666666666667
0.0
0.0
0.6088888888888888
0.625
0.25
0.33095238095238094
0.24444444444444446
0.5833333333333333
0.4716666666666667
0.09285714285714286
0.6666666666666666
0.27111111111111114
0.10317460317460318
0.3044444444444444
0.08148148148148149
0.2
0.14416666666666664
0.44166666666666665
0.8060405643738976
0.03333333333333333
0.041666666666666664
0.15
0.6666666666666666
0.3214285714285714
0.05654761904761904
0.3
0.15833333333333333
0.22666666666666666
0.05333333333333333
0.0
0.6428571428571428
0.08333333333333333
0.16666666666666666
0.5916666666666667
0.016666666666666666
0.27777777777777773
0.01
0.5155555555555555
0.5025
0.125
0.0
0.0
0.15857142857142856
0.14785714285714285
0.0
0.1
0.22999999999999998
0.5657407407407408
0.5666666666666667
0.0
0.15
